filename,AIC_s,BIC_s,AIC_ns,BIC_ns,LRT_stat,LRT_p,beta1,gamma1,slope_MSL,errMSL,slope_res,errresid
aalesundtg-aal-nor-cmems_annual,500.06,506.44,502.14,512.78,1.92,0.383710071,0.761881,0.000000,0.124157914,0.023320414,0.686183984,0.326125260
abashiri-347-jpn-uhslc_fd_annual,360.74,366.71,382.66,392.60,-17.91,1.000000000,0.020774,0.000000,0.161716837,0.019092248,0.079667062,0.291004750
abashiri-347a-jpn-uhslc_rq_annual,415.86,422.24,437.84,448.48,-17.99,1.000000000,0.042651,0.000000,0.115738031,0.017315436,0.064622255,0.279250952
abashiri-ma02-jpn-jodc_jma_annual,356.75,362.66,377.87,387.72,-17.12,1.000000000,-0.008077,0.000000,0.164497054,0.019441241,0.041035321,0.310889633
aburatsu-354-jpn-uhslc_fd_annual,550.46,556.93,553.71,564.51,0.74,0.689451059,0.186602,0.000000,0.265695955,0.023023059,0.147650350,0.349149149
aburatsu-354a-jpn-uhslc_rq_annual,696.89,704.18,721.64,733.80,-20.76,1.000000000,-0.006893,0.000000,0.236143251,0.014015602,-0.037338031,0.249201201
aburatsu-ma41-jpn-jodc_jma_annual,534.85,541.23,537.60,548.23,1.25,0.535843658,0.295818,0.000000,0.255917066,0.025165243,0.234825173,0.372767398
adak_alaska-040-usa-uhslc_fd_annual,435.71,442.24,489.57,500.44,-49.86,1.000000000,0.511217,0.000000,-0.182375084,0.020659582,0.168190371,0.125779553
adak_alaska-040a-usa-uhslc_rq_annual,411.26,417.59,463.49,474.04,-48.23,1.000000000,0.497242,0.000000,-0.197145523,0.023659283,0.150572388,0.131738420
adak_island-9461380-usa-noaa_annual,516.83,523.35,547.71,558.58,-26.88,1.000000000,0.723371,0.000000,-0.182058417,0.020646048,0.222515723,0.131437009
albany-62120-aus-bom_annual,326.87,332.78,337.39,347.24,-6.51,1.000000000,0.269335,0.000000,0.155439874,0.041852458,0.266068419,0.124501170
alesund-aes-nor-nhs_annual,488.83,495.16,491.88,502.44,0.95,0.622254763,0.537509,0.000000,0.200265244,0.023473079,0.458419484,0.255224341
alicante_i-ali-esp-da_mm_annual,335.00,340.86,351.69,361.45,-12.69,1.000000000,0.075627,0.000000,0.058026704,0.018620568,0.037616483,0.329722167
annapolis-8575512-usa-noaa_annual,754.26,761.69,795.92,808.30,-37.66,1.000000000,0.025667,0.000000,0.394814378,0.012183307,0.119025166,0.161236194
antofagasta-080-chl-uhslc_fd_annual,429.14,435.84,482.92,494.09,-49.78,1.000000000,0.294141,0.000000,-0.084854411,0.017245320,0.192602309,0.144392516
antofagasta-080a-chl-uhslc_rq_annual,391.55,397.98,444.65,455.37,-49.10,1.000000000,0.216263,0.000000,-0.089855399,0.020296127,0.111317356,0.146388961
aomoriko-0104-jpn-jodc_pahb_annual,355.29,361.20,359.20,369.05,0.09,0.956524169,-0.074890,0.000000,0.846612265,0.061142203,-0.097758388,0.046312991
apra_harbor_guam-053a-usa-uhslc_rq_annual,381.27,387.60,430.01,440.57,-44.74,1.000000000,-0.249954,0.000000,0.206916049,0.042903016,-0.143996241,0.062490309
argentia-835-can-meds_annual,385.15,390.64,406.35,415.49,-17.20,1.000000000,0.288147,0.000000,0.309499738,0.032224607,0.295662028,0.399299063
asamushi-gs06-jpn-jodc_giaj_annual,465.11,471.68,496.88,507.83,-27.77,1.000000000,-0.025611,0.000000,0.045480501,0.020759548,0.262162905,0.272938544
astoria-9439040-usa-noaa_annual,794.78,802.54,799.03,811.96,-0.25,1.000000000,-0.089857,0.000000,-0.016148288,0.017241777,0.049795941,0.242677557
astoria_or-572a-usa-uhslc_rq_annual,746.75,754.38,774.45,787.17,-23.70,1.000000000,0.195607,0.000000,-0.019018723,0.018065526,0.294454006,0.244217678
atlantic_city-264-usa-uhslc_fd_annual,906.52,914.45,941.29,954.51,-30.77,1.000000000,0.095141,0.000000,0.422840662,0.010442956,0.030185719,0.125635780
atlantic_city-8534720-usa-noaa_annual,906.79,914.70,942.41,955.59,-31.62,1.000000000,0.016873,0.000000,0.422149081,0.010572434,-0.019374488,0.127343459
atlantic_city_nj-264a-usa-uhslc_rq_annual,872.53,880.34,906.68,919.71,-30.16,1.000000000,0.177613,0.000000,0.415715946,0.010874331,0.091433299,0.138883208
awashima-hd25-jpn-jodc_jcg_annual,393.75,399.83,416.16,426.29,-18.41,1.000000000,-0.296529,0.000000,0.381170736,0.021524890,-0.277005204,0.154786372
bakar-bak-hrv-uz_annual,601.77,608.77,607.59,619.24,-1.81,1.000000000,0.350062,0.000000,0.120431907,0.016355345,0.280337373,0.283418929
balboa-302-pan-uhslc_fd_annual,826.71,834.70,826.87,840.19,3.84,0.146763461,0.299698,0.024208,0.136799385,0.008455669,0.336005912,0.182835920
balboa-302a-pan-uhslc_rq_annual,835.26,843.28,853.47,866.83,-14.21,1.000000000,0.739919,0.096367,0.135883203,0.008209786,0.352824050,0.180067186
baltimore-8574680-usa-noaa_annual,1048.96,1057.35,1118.17,1132.14,-65.21,1.000000000,0.068822,0.000000,0.329549287,0.008190902,0.083232737,0.127503954
bamfield_bc-8545-can-meds_annual,399.41,405.32,409.38,419.23,-5.97,1.000000000,0.277006,0.000000,-0.006742515,0.032786780,0.309167259,0.332870825
bar_harbor-8413320-usa-noaa_annual,547.15,553.67,552.87,563.74,-1.73,1.000000000,-0.122401,0.000000,0.242077770,0.013198353,-0.138661489,0.308776412
bergen-bgo-nor-nhs_annual,641.90,649.40,659.03,671.52,-13.12,1.000000000,0.536713,0.000000,0.078083347,0.014238148,0.607164325,0.186796114
bergentg-ber-nor-cmems_annual,661.17,668.67,658.18,670.68,6.98,0.030482140,0.664786,0.000000,0.020422383,0.012337174,0.768426250,0.245587378
bjorn-2067-swe-smhi_annual,674.03,681.21,680.97,692.94,-2.94,1.000000000,-0.063350,0.000000,-0.633802304,0.030189525,-0.061396345,0.095629986
bjorn-bjo-swe-cmems_annual,657.49,664.67,680.97,692.94,-19.49,1.000000000,-0.063351,0.000000,-0.633798006,0.030190180,-0.061394477,0.095628010
bodo-boo-nor-nhs_annual,454.64,460.66,466.94,476.98,-8.30,1.000000000,0.761831,0.000000,-0.005342288,0.029846792,0.663021966,0.346353310
bodoetg-bod-nor-cmems_annual,469.19,475.32,481.49,491.71,-8.30,1.000000000,0.696246,0.000000,-0.061619888,0.027799448,0.653593953,0.353773016
boston-8443970-usa-noaa_annual,920.78,928.69,951.31,964.49,-26.53,1.000000000,0.357894,0.000000,0.294699736,0.010696607,0.235692350,0.218196948
boston_ma-741a-usa-uhslc_rq_annual,906.70,914.49,915.10,928.07,-4.40,1.000000000,0.492617,0.000000,0.286808513,0.011019406,0.337336568,0.237822893
brest-3-fra-refmar_annual,1324.32,1333.54,1380.77,1396.15,-52.46,1.000000000,0.068758,0.000000,0.133790158,0.006253811,-0.040626646,0.139468596
brest-822-fra-uhslc_fd_annual,1339.77,1349.03,1343.69,1359.13,0.08,0.960907506,0.017185,0.002547,0.133335766,0.006445321,0.001639419,0.135240343
brest-822a-fra-uhslc_rq_annual,1289.06,1298.21,1362.34,1377.59,-69.28,1.000000000,-0.013870,0.000000,0.126339789,0.006587375,0.049312730,0.149835740
bresttg_60minute-bre-fra-cmems_annual,1324.26,1333.49,1380.66,1396.04,-52.40,1.000000000,0.068133,0.000000,0.133840264,0.006257038,-0.040284301,0.139422397
bridgeport-8467150-usa-noaa_annual,542.84,548.87,546.86,556.90,-0.02,1.000000000,-0.097784,0.000000,0.346035887,0.032344374,-0.441023982,0.558721162
buenaventura-085a-col-uhslc_rq_annual,491.36,497.03,488.55,498.01,6.80,0.033316121,-0.787556,-0.031032,0.185411783,0.033018256,-0.739932325,0.598517671
buenos_aires-285a-arg-uhslc_rq_annual,560.80,566.93,554.85,565.06,9.95,0.006900685,2.403086,0.000000,0.132103892,0.039055383,1.898273053,0.675401760
bunbury-62190-aus-bom_annual,440.76,446.73,463.92,473.87,-19.16,1.000000000,0.481406,0.000000,0.190349834,0.044000540,0.496565507,0.291943695
bundaberg_burnett_heads-59820-aus-bom_annual,483.88,489.84,571.38,581.32,-83.50,1.000000000,1.430384,0.000000,0.230621739,0.037718846,-0.012197979,0.495589366
cadiz-cadi-esp-ieo_annual,387.81,393.55,407.49,417.05,-15.67,1.000000000,0.213340,0.000000,0.350344765,0.040052823,0.199759828,0.200325585
callao-093-per-uhslc_fd_annual,351.10,356.83,354.96,364.52,0.14,0.931853018,0.234270,0.000000,-0.114060653,0.036402963,0.183867608,0.191069692
cape_may-8536110-usa-noaa_annual,468.46,474.31,472.65,482.41,-0.20,1.000000000,0.230552,0.000000,0.519436795,0.034701462,0.206387364,0.271739116
cape_may_nj-746a-usa-uhslc_rq_annual,434.52,440.13,438.02,447.37,0.50,0.778692973,0.430914,0.000000,0.501153872,0.042875599,0.333941672,0.315625873
cedar_key-8727520-usa-noaa_annual,895.78,903.41,958.83,971.54,-59.05,1.000000000,1.441989,0.000000,0.236434208,0.012428992,0.587979215,0.334607864
ceuta-207-esp-uhslc_fd_annual,421.24,427.85,418.99,430.01,6.25,0.043894125,0.235158,0.006803,0.067265784,0.015997566,0.222073634,0.195010788
ceuta-207a-esp-uhslc_rq_annual,416.56,423.13,403.06,414.01,17.50,0.000158775,0.281698,-0.005725,0.064847592,0.016382549,0.248970031,0.198606350
ceuta-ceta-esp-ieo_annual,428.70,435.22,446.97,457.84,-14.27,1.000000000,0.391247,0.000000,0.061963973,0.016816074,0.313105058,0.253730186
charleston_sc-261-usa-uhslc_fd_annual,892.89,900.73,959.69,972.77,-62.81,1.000000000,0.038477,0.000000,0.351444261,0.013452848,0.034885810,0.163335471
charleston_sc-261b-usa-uhslc_rq_annual,856.62,864.34,924.60,937.47,-63.98,1.000000000,-0.010007,0.000000,0.339445807,0.013072264,-0.061817443,0.173426618
cherry_point-9449424-usa-noaa_annual,361.68,367.29,374.82,384.17,-9.14,1.000000000,0.556126,0.000000,-0.011112601,0.037627200,0.455759050,0.341849594
chiba-hd06-jpn-jodc_jcg_annual,523.63,529.86,549.24,559.63,-21.61,1.000000000,1.194017,0.000000,0.206645259,0.022438648,1.117809983,0.584126087
churchill-274-can-uhslc_fd_annual,380.82,386.24,392.29,401.32,-7.46,1.000000000,0.371883,0.000000,-1.015863772,0.046697571,0.336210955,0.142548260
churchill-274a-can-uhslc_rq_annual,382.50,387.85,383.53,392.45,2.97,0.226038883,0.331346,0.000000,-1.026994959,0.049091904,0.301866639,0.140183418
churchill-5010-can-meds_annual,568.16,574.73,575.31,586.26,-3.15,1.000000000,0.346091,0.000000,-0.867604536,0.032889245,0.323985722,0.087762268
cordova_alaska-583b-usa-uhslc_rq_annual,300.94,306.08,304.72,313.29,0.21,0.898152809,0.272994,0.000000,-0.012306819,0.052054796,0.008927883,0.327095377
coruna-coru-esp-ieo_annual,531.29,537.95,560.87,571.96,-25.58,1.000000000,0.366671,0.000000,0.257825524,0.024471813,0.048957437,0.148578708
crescent_city-9419750-usa-noaa_annual,655.77,663.03,724.07,736.17,-64.30,1.000000000,-0.239230,0.000000,-0.084170985,0.014508306,0.309702668,0.290499886
crescent_city_ca-556-usa-uhslc_fd_annual,646.33,653.52,709.73,721.71,-59.40,1.000000000,-0.204976,0.000000,-0.084768084,0.014804868,0.354256142,0.299967491
crescent_city_ca-556a-usa-uhslc_rq_annual,610.24,617.27,676.42,688.14,-62.18,1.000000000,-0.299772,0.000000,-0.089150786,0.015593118,0.293634806,0.302326345
cristobal-266-pan-uhslc_fd_annual,323.75,330.49,351.42,362.66,-23.67,1.000000000,-0.095837,0.000000,0.139358999,0.013521122,-0.092447704,0.071180622
cristobal-266a-pan-uhslc_rq_annual,323.75,330.49,351.42,362.66,-23.67,1.000000000,-0.095837,0.000000,0.139358999,0.013521122,-0.092447704,0.071180622
cuxhaven-825-deu-uhslc_fd_annual,1042.40,1050.06,1062.65,1075.42,-16.26,1.000000000,1.606512,0.000000,0.215579073,0.017560316,1.672673504,0.681776722
cuxhaven-825a-deu-uhslc_rq_annual,1035.86,1043.46,1039.74,1052.41,0.11,0.944423861,1.990777,0.000000,0.209582482,0.017883840,2.088779554,0.700364139
cuxhaven_steubenhoft-cux-deu-bfg_annual,1141.49,1149.45,1167.59,1180.86,-22.10,1.000000000,1.900656,0.000000,0.210350410,0.018085942,1.983398137,0.632159129
darwin-63230-aus-bom_annual,499.53,505.66,557.66,567.87,-54.13,1.000000000,-0.733349,0.000000,0.339744323,0.048483141,-0.573666113,0.303061636
degerby-deg-fin-cmems_annual,395.71,401.62,406.08,415.93,-6.37,1.000000000,0.236980,0.000000,-0.059642246,0.058504853,0.311087095,0.175890122
den_helder-denhdr-nld-rws_hist_annual,472.80,478.35,479.46,488.71,-2.65,1.000000000,0.264337,0.000000,0.170668708,0.042626819,0.411204102,1.184840937
den_oever_buiten-denovbtn-nld-rws_hist_annual,502.09,507.64,511.91,521.16,-5.83,1.000000000,-0.558246,0.000000,0.241150356,0.047596731,-0.453265336,1.265392878
draghallan-2062-swe-smhi_annual,491.30,497.82,510.05,520.92,-14.75,1.000000000,0.066133,0.000000,-0.798541542,0.032316438,0.062880559,0.079256328
draghallan-dra-swe-cmems_annual,491.25,497.78,510.01,520.88,-14.75,1.000000000,0.065880,0.000000,-0.798548679,0.032317101,0.062896669,0.079255398
eastport-8410140-usa-noaa_annual,686.59,693.78,736.48,748.45,-45.88,1.000000000,-0.932093,0.000000,0.227708679,0.010828746,-0.571647074,0.223773322
eastport_me-740a-usa-uhslc_rq_annual,679.12,686.22,719.68,731.52,-36.56,1.000000000,-0.787427,0.000000,0.217442476,0.011081064,-0.585893370,0.296369807
esbjerg-esb-dnk-dmi_annual,738.21,744.91,737.62,748.80,4.58,0.101174222,1.167616,0.000000,0.290581456,0.036877404,1.160066617,0.547009202
esperance-62080-aus-bom_annual,380.74,386.81,398.90,409.02,-14.16,1.000000000,-0.006135,0.000000,0.169832105,0.037185390,-0.016565717,0.200570456
fernandina_beach-8720030-usa-noaa_annual,964.92,972.94,1007.30,1020.67,-38.38,1.000000000,0.025781,0.000000,0.237659005,0.012421608,-0.035523348,0.175487729
fishguard-fis-gbr-bodc_annual,359.93,365.29,362.12,371.04,1.81,0.404264251,0.635454,0.000000,0.316487339,0.039392060,0.536636560,0.303466676
foglo_degerby-134252-fin-fmi_annual,405.71,411.68,417.05,427.00,-7.34,1.000000000,0.242809,0.000000,-0.057892947,0.055957624,0.311960267,0.184161389
fort_denison-333-aus-uhslc_fd_annual,368.70,374.88,389.48,399.78,-16.78,1.000000000,-0.192129,0.000000,0.160481527,0.020347986,-0.196512777,0.191668289
fort_denison-333a-aus-uhslc_rq_annual,350.31,356.33,369.70,379.74,-15.39,1.000000000,-0.322207,0.000000,0.137054618,0.020691000,-0.331860918,0.220486069
fort_myers-8725520-usa-noaa_annual,439.45,445.06,464.58,473.94,-21.13,1.000000000,1.439645,0.000000,0.386350252,0.032422934,0.897810813,0.451958540
fort_pulaski-8670870-usa-noaa_annual,738.65,745.90,777.30,789.39,-34.65,1.000000000,0.108790,0.000000,0.360848225,0.015253478,0.079354565,0.206727827
fort_pulaski_ga-752-usa-uhslc_fd_annual,741.79,749.05,778.83,790.93,-33.04,1.000000000,0.154164,0.000000,0.360013575,0.015427898,0.113915689,0.205781635
fort_pulaski_ga-752a-usa-uhslc_rq_annual,709.99,717.10,711.79,723.63,2.21,0.331624581,0.266983,-0.005241,0.342473331,0.015198084,0.157817644,0.250590258
freeport-8772440-usa-noaa_annual,448.22,453.96,468.51,478.07,-16.29,1.000000000,-0.039389,0.000000,0.904993490,0.066710419,-0.054583330,0.193483740
fremantle-62230-aus-bom_annual,823.41,831.56,856.13,869.73,-28.73,1.000000000,-0.013708,0.000000,0.168315833,0.013911223,0.029804991,0.113345469
friday_harbor-9449880-usa-noaa_annual,641.24,648.64,683.86,696.19,-38.62,1.000000000,-0.292503,0.000000,0.113517015,0.012316654,-0.046385044,0.200585306
fukue-ma50-jpn-jodc_jma_annual,417.74,423.76,449.05,459.09,-27.31,1.000000000,0.146877,0.000000,0.194549439,0.021618131,-0.027786287,0.335370014
furuogrund-fur-swe-cmems_annual,941.24,949.32,926.74,940.20,18.50,0.000095912,-0.189658,0.000000,-0.776858559,0.023341476,-0.199328993,0.055410409
galveston_pier_21-775-usa-uhslc_fd_annual,970.36,978.44,1051.33,1064.79,-76.97,1.000000000,0.105877,0.000000,0.653729022,0.012458815,0.104185602,0.067488062
galveston_pier_21-775a-usa-uhslc_rq_annual,937.04,945.00,1017.17,1030.44,-76.13,1.000000000,0.127066,0.000000,0.646197222,0.012968144,0.100166761,0.073475636
galveston_pier_21-8771450-usa-noaa_annual,1008.77,1016.98,1097.19,1110.88,-84.42,1.000000000,0.081373,0.000000,0.661544104,0.012653346,0.087141630,0.062669005
galveston_ppier-767-usa-uhslc_fd_annual,467.72,473.46,514.55,524.11,-42.83,1.000000000,0.010728,0.000000,0.619768533,0.041536005,0.080284431,0.286874814
galveston_ppier-767a-usa-uhslc_rq_annual,473.05,478.79,514.55,524.11,-37.50,1.000000000,0.010710,0.000000,0.619777076,0.041535174,0.080267767,0.286867655
gedser-837a-dnk-uhslc_rq_annual,1007.87,1016.02,1019.15,1032.74,-7.29,1.000000000,-0.246748,0.000000,0.119770364,0.009836651,-0.149815266,0.348109848
gedser-ged-dnk-dmi_annual,1116.06,1124.49,1125.39,1139.45,-5.33,1.000000000,-0.201691,0.000000,0.126888946,0.008402386,-0.231238152,0.313164639
geelong-60770-aus-bom_annual,312.25,317.67,323.79,332.83,-7.54,1.000000000,0.435445,0.000000,0.175695732,0.028990414,0.375657106,0.267895084
geraldton-62290-aus-bom_annual,409.23,415.30,427.70,437.83,-14.48,1.000000000,0.235140,0.000000,0.221774182,0.048180175,0.205866405,0.184897586
goteborgorsh-819-swe-uhslc_fd_annual,468.35,474.26,469.74,479.59,2.61,0.271424350,1.274845,0.000000,0.078317690,0.039843723,1.359809513,0.587871220
goteborgtorshamnen-got-swe-cmems_annual,475.91,481.88,471.90,481.84,8.01,0.018184779,1.713699,0.000000,0.073017551,0.036235272,1.752314821,0.572424865
guam-053-usa-uhslc_fd_annual,408.11,414.64,458.37,469.25,-46.26,1.000000000,-0.211194,0.000000,0.237772900,0.038706799,-0.131301688,0.058955188
hachijyojima-hd11-jpn-jodc_jcg_annual,503.37,509.56,500.69,511.00,6.68,0.035408090,-0.230014,0.000000,0.148509111,0.147449279,-0.246247738,0.099160246
hakata-hd18-jpn-jodc_jcg_annual,418.70,424.83,458.12,468.33,-35.42,1.000000000,0.211521,0.000000,0.292890241,0.021119070,0.358667845,0.228149956
hakodate-364a-jpn-uhslc_rq_annual,445.29,451.90,466.04,477.07,-16.76,1.000000000,0.183356,0.000000,-0.029599809,0.021813962,0.087795006,0.252842279
hamina-ham-fin-cmems_annual,499.29,505.20,499.85,509.71,3.43,0.179664006,0.657037,0.000000,-0.017934357,0.071350071,0.677551830,0.420383105
hamina_pitajansaari-134254-fin-fmi_annual,496.04,502.00,508.14,518.09,-8.11,1.000000000,0.649770,0.000000,-0.011605383,0.067279781,0.666424265,0.432028154
hammerfest-hft-nor-nhs_annual,414.68,420.70,418.71,428.75,-0.03,1.000000000,0.061836,0.000000,0.140108527,0.030234617,0.052338935,0.235568659
hammerfesttg-ham-nor-cmems_annual,428.46,434.59,434.69,444.91,-2.23,1.000000000,0.075445,0.000000,0.108587505,0.029161235,0.073428137,0.259266722
hanko-han-fin-cmems_annual,434.23,440.14,435.09,444.95,3.13,0.208899889,0.410561,0.000000,-0.038988496,0.062766827,0.513991470,0.237987421
hansweert-hanswt-nld-rws_hist_annual,476.85,482.40,482.77,492.02,-1.92,1.000000000,-0.314175,0.000000,0.346581719,0.045265305,-0.587904209,0.821506561
harlingen-harlgn-nld-rws_hist_annual,497.74,503.16,506.37,515.40,-4.63,1.000000000,0.539314,0.000000,0.177091083,0.052233460,0.909671494,1.614683222
harstad-har-nor-nhs_annual,465.77,472.20,467.24,477.95,2.53,0.282197560,0.405903,0.000000,0.048770113,0.023911462,0.405350846,0.235681342
harstadtg-har-nor-cmems_annual,460.28,466.76,471.39,482.18,-7.10,1.000000000,0.458794,0.000000,-0.051077199,0.023873096,0.521108749,0.236545430
heimsjo-hei-nor-nhs_annual,736.01,743.40,771.53,783.86,-31.52,1.000000000,1.534766,0.000000,-0.066961845,0.015650416,1.255654172,0.395062623
heimsjoetg-hei-nor-cmems_annual,737.29,744.69,770.13,782.46,-28.84,1.000000000,1.598419,0.000000,-0.113478575,0.015046001,1.328355733,0.355261551
helsinki-hel-fin-cmems_annual,465.42,471.33,466.05,475.90,3.37,0.185085078,0.441065,0.000000,-0.061802810,0.065474438,0.539249319,0.278381456
helsinki_kaivopuisto-132310-fin-fmi_annual,473.34,479.31,473.84,483.78,3.50,0.173483667,0.441635,0.000000,-0.057724252,0.062512815,0.545108471,0.279004726
hilo_hawaii-060-usa-uhslc_fd_annual,504.74,511.96,497.52,509.56,11.22,0.003664547,-0.019162,0.009270,0.312665930,0.017778495,-0.010585378,0.051485648
hiroshima-hd14-jpn-jodc_jcg_aligned_annual,561.79,568.12,595.12,605.67,-29.33,1.000000000,-0.393664,0.000000,0.517163959,0.025714611,-0.438259247,0.344455186
hoek_van_holland-hoekvhld-nld-rws_hist_annual,445.50,450.92,453.56,462.60,-4.07,1.000000000,-0.908861,0.000000,0.206340610,0.042715477,-0.789106620,1.057257094
honningsvaagtg-hon-nor-cmems_annual,380.33,386.06,382.90,392.46,1.43,0.489697481,-0.015506,0.034835,0.146836314,0.036096276,0.176957027,0.284230802
honningsvag-hvg-nor-nhs_annual,359.37,364.99,363.63,372.98,-0.25,1.000000000,-0.095650,0.000000,0.227424126,0.032756224,-0.073195098,0.229835611
honolulu-1612340-usa-noaa_annual,657.85,665.87,796.61,809.98,-134.76,1.000000000,0.024039,0.000000,0.146641336,0.010619950,-0.098550706,0.067698283
honolulu_hawaii-057-usa-uhslc_fd_annual,699.04,707.27,806.33,820.05,-103.29,1.000000000,-0.130701,0.000000,0.157039552,0.009856332,-0.190591001,0.057125022
honolulu_hawaii-057b-usa-uhslc_rq_annual,677.54,685.67,782.39,795.94,-100.85,1.000000000,-0.092328,0.000000,0.155601568,0.010416910,-0.169836484,0.062472507
hornbaek-838a-dnk-uhslc_rq_annual,992.89,1001.07,1013.98,1027.62,-17.09,1.000000000,0.640279,0.000000,0.036020016,0.012055696,0.694487078,0.331839993
hornbaek-hor-dnk-dmi_annual,1127.03,1135.54,1139.36,1153.54,-8.33,1.000000000,0.586461,0.000000,0.046525289,0.009810456,0.552158483,0.331735819
hosojima-gs02-jpn-jodc_giaj_annual,719.63,726.96,719.40,731.61,4.23,0.120452580,0.764947,0.000000,0.006281848,0.017617288,0.790841826,0.386882654
ishigaki-365-jpn-uhslc_fd_annual,473.11,479.13,480.77,490.81,-3.66,1.000000000,-0.537628,0.000000,0.249472474,0.023408592,-0.513899432,0.436709601
ishigaki-365a-jpn-uhslc_rq_annual,457.80,463.71,465.15,475.00,-3.35,1.000000000,-0.430278,0.000000,0.237313881,0.023513856,-0.417303361,0.480687467
ishigaki-ma45-jpn-jodc_jma_annual,456.54,462.45,464.27,474.12,-3.73,1.000000000,-0.441749,0.000000,0.237520303,0.023483132,-0.417803869,0.482291594
izuhara-hd23-jpn-jodc_jcg_aligned_annual,465.94,472.32,513.12,523.76,-43.19,1.000000000,0.680441,0.000000,0.272227847,0.017764396,0.391293920,0.214674029
johnston-052-usa-uhslc_fd_annual,559.01,565.71,586.04,597.21,-23.03,1.000000000,-0.624988,0.000000,0.125558966,0.018811901,-0.448498745,0.358177622
johnston-052a-usa-uhslc_rq_annual,505.96,512.34,529.06,539.69,-19.10,1.000000000,-0.481880,0.000000,0.110225346,0.022086564,-0.277949315,0.432180420
kagoshima-ma42-jpn-jodc_jma_annual,455.73,461.53,481.50,491.16,-21.77,1.000000000,0.273016,0.000000,0.474762876,0.025286656,0.120171378,0.439792445
kahului-059-usa-uhslc_fd_annual,431.08,437.69,500.33,511.35,-65.25,1.000000000,0.149893,0.000000,0.220124321,0.020267421,0.046866319,0.093564660
kahului-059a-usa-uhslc_rq_annual,403.70,410.13,472.42,483.13,-64.72,1.000000000,0.235099,0.000000,0.222074098,0.021887894,0.092762326,0.095235738
kahului-1615680-usa-noaa_annual,441.30,447.73,509.66,520.38,-64.36,1.000000000,-0.144309,0.000000,0.220504987,0.022408519,-0.029037787,0.140821882
kainan-gs05-jpn-jodc_giaj_annual,537.86,544.47,573.38,584.40,-31.53,1.000000000,-0.072746,0.000000,-0.131814129,0.025907707,0.017619420,0.385706895
kamaishi-hd05-jpn-jodc_jcg_aligned_annual,453.11,459.45,457.24,467.79,-0.13,1.000000000,-0.010084,0.000000,0.705674860,0.028532707,0.008472950,0.074081481
kashiwazaki-gs08-jpn-jodc_giaj_annual,460.05,466.43,465.85,476.49,-1.80,1.000000000,0.410599,0.000000,0.112570866,0.017826611,0.375038187,0.314585430
kaskinen-kas-fin-cmems_annual,426.87,432.78,430.21,440.06,0.66,0.719462350,0.373984,0.000000,0.002402733,0.062111680,0.389243740,0.203257865
katsuura-gs11-jpn-jodc_giaj_annual,468.99,475.02,492.48,502.52,-19.49,1.000000000,0.481139,0.000000,0.155832446,0.022837927,0.307643200,0.732697762
kemi-kem-fin-cmems_annual,449.29,455.08,467.83,477.49,-14.54,1.000000000,1.103086,0.000000,0.047281435,0.071676849,0.868642182,0.336600272
key_west-8724580-usa-noaa_annual,742.28,750.36,837.47,850.93,-91.19,1.000000000,0.052524,0.000000,0.263616857,0.008178453,-0.030085021,0.067613087
key_west_fl-242-usa-uhslc_fd_annual,742.50,750.57,838.76,852.22,-92.26,1.000000000,0.051040,0.000000,0.263692583,0.008262656,-0.028785098,0.067514132
key_west_fl-242a-usa-uhslc_rq_annual,711.05,719.01,809.18,822.45,-94.13,1.000000000,0.003351,0.000000,0.254455055,0.007878131,-0.103354726,0.073770504
klagshamn-2095-swe-smhi_annual,823.48,830.98,831.25,843.75,-3.77,1.000000000,0.433409,0.000000,0.092521229,0.018376719,0.433178562,0.456894258
klagshamn-kla-swe-cmems_annual,822.74,830.24,830.15,842.64,-3.41,1.000000000,0.441363,0.000000,0.092431380,0.018375335,0.433775188,0.456672290
komatsushima-ma36-jpn-jodc_jma_annual,465.50,471.57,501.51,511.63,-32.01,1.000000000,0.377381,0.000000,0.232369047,0.038018256,0.537578041,0.444794636
kornwerderzand_buiten-kornwdzbtn-nld-rws_hist_annual,512.42,517.97,521.19,530.44,-4.77,1.000000000,-0.400587,0.000000,0.203027268,0.042901801,-0.027785642,1.417578342
kozushima-hd09-jpn-jodc_jcg_aligned_annual,415.61,421.40,430.55,440.21,-10.94,1.000000000,-0.083334,0.000000,0.865926255,0.230614388,-0.061761696,0.065312006
kristiansund-ksu-nor-nhs_annual,534.83,541.54,536.84,548.01,1.99,0.369759412,0.620422,0.000000,0.052412903,0.022673735,0.552673834,0.285003901
kristiansundtg-kri-nor-cmems_annual,552.28,559.06,553.27,564.59,3.00,0.222985238,0.664934,0.000000,-0.030567091,0.022236218,0.556020516,0.306639623
kuchinotsu-ma48-jpn-jodc_jma_annual,457.60,463.39,488.91,498.57,-27.31,1.000000000,-1.201746,0.000000,0.254869439,0.022909827,-0.763511563,0.680090441
kungsholmsfort-2088-swe-smhi_annual,1150.92,1159.68,1154.01,1168.61,0.90,0.636228036,0.872064,0.000000,0.011263646,0.010720864,0.862464933,0.245201034
kure-hd13-jpn-jodc_jcg_annual,549.55,555.73,598.87,609.18,-45.32,1.000000000,0.791394,0.000000,0.439252040,0.025579408,-0.122987420,0.395632304
kushimoto-353-jpn-uhslc_fd_annual,516.15,522.58,543.84,554.55,-23.69,1.000000000,0.000905,0.000000,0.462245126,0.027565963,0.032161036,0.199157168
kushimoto-353a-jpn-uhslc_rq_annual,718.55,726.01,758.45,770.89,-35.90,1.000000000,0.066025,0.000000,0.183489872,0.024479438,0.103417795,0.182226179
kushimoto-ma26-jpn-jodc_jma_annual,498.47,504.80,527.23,537.78,-24.76,1.000000000,0.054291,0.000000,0.461992119,0.030082542,0.082364597,0.208265033
kushiro-350-jpn-uhslc_fd_annual,536.59,543.50,560.07,571.59,-19.48,1.000000000,-0.032578,0.000000,0.819053631,0.022453132,-0.027626007,0.061966145
kushiro-350a-jpn-uhslc_rq_annual,519.58,526.41,543.88,555.26,-20.29,1.000000000,-0.014702,0.000000,0.839853954,0.021708689,-0.008846203,0.062527473
kushiro-ma04-jpn-jodc_jma_annual,428.54,434.67,432.53,442.75,0.01,0.994239407,-0.007862,0.000000,0.750501310,0.033258337,0.001752172,0.093767109
kwajalein-055-mhl-uhslc_fd_annual,433.96,440.99,456.41,468.13,-18.45,1.000000000,-0.220648,0.000000,0.210527679,0.021606004,-0.211133241,0.068034619
la_coruna-830-esp-uhslc_fd_annual,543.11,550.02,585.82,597.34,-38.71,1.000000000,0.023694,0.000000,0.216443602,0.020021090,-0.153362024,0.152981059
la_coruna-830a-esp-uhslc_rq_annual,501.43,508.13,505.48,516.65,-0.06,1.000000000,-0.008163,0.000000,0.200387978,0.022502893,0.005427081,0.164694624
la_jolla_ca-554-usa-uhslc_fd_annual,620.95,628.51,644.36,656.97,-19.41,1.000000000,-0.518144,0.000000,0.199637612,0.010655266,-0.373413521,0.100652011
la_libertad-091-ecu-uhslc_fd_annual,488.28,494.98,524.35,535.52,-32.07,1.000000000,-0.036829,0.000000,0.520274509,0.036553755,-0.057346755,0.076381416
landsort-2073-swe-smhi_annual,860.77,869.08,870.21,884.06,-5.44,1.000000000,-0.050629,0.000000,-0.288389998,0.014771966,-0.063448246,0.067984317
landsort1-lan-swe-cmems_annual,860.14,868.45,869.87,883.73,-5.73,1.000000000,-0.055817,0.000000,0.001582391,0.014910698,-0.105705963,0.137605735
lauzon-3250-can-meds_annual,913.71,921.18,919.88,932.33,-2.17,1.000000000,0.193848,0.000000,-0.056087382,0.018122161,0.232013200,0.703503399
le_conquet-152-fra-refmar_annual,385.73,391.41,414.58,424.04,-24.85,1.000000000,-0.681582,0.000000,0.328494632,0.027039030,-0.628041305,0.222694980
lerwick-293-gbr-uhslc_fd_annual,348.08,353.82,338.58,348.15,13.50,0.001173785,-0.067927,-0.075811,0.036863543,0.022226585,-0.166745237,0.371240381
lerwick-293a-gbr-uhslc_rq_annual,352.30,358.10,340.95,350.61,15.35,0.000464989,0.011914,-0.093674,0.047739603,0.022319225,-0.159770557,0.330757906
lerwick-ler-gbr-bodc_annual,338.94,344.61,346.56,356.01,-3.62,1.000000000,-0.235482,0.000000,0.063144805,0.023296400,-0.138914237,0.306730062
los_angeles-9410660-usa-noaa_annual,732.90,740.71,784.72,797.74,-47.82,1.000000000,-0.507959,0.000000,0.105045021,0.010539928,-0.360265135,0.203829195
los_angeles_ca-567a-usa-uhslc_rq_annual,629.77,637.46,674.96,687.78,-41.19,1.000000000,0.095953,0.000000,0.102164975,0.011400368,0.022658936,0.156548904
lowestoft-low-gbr-bodc_annual,575.48,581.67,594.43,604.73,-14.94,1.000000000,-0.008045,0.000000,0.321337455,0.020958267,-0.040066601,0.706251305
magueyes_island-9759110-usa-noaa_annual,379.61,385.85,434.36,444.75,-50.75,1.000000000,0.029607,0.000000,0.204164476,0.017325201,-0.053709684,0.153970311
magueyes_island_pr-246a-usa-uhslc_rq_annual,348.57,354.64,396.80,406.92,-44.23,1.000000000,-0.258060,0.000000,0.190326922,0.019048056,-0.132045756,0.160441258
maizuru-hd24-jpn-jodc_jcg_annual,368.61,374.79,386.52,396.82,-13.92,1.000000000,0.064702,0.000000,0.248136009,0.024566098,0.050269075,0.148558263
maizuru-ma55-jpn-jodc_jma_annual,352.59,358.56,358.79,368.74,-2.20,1.000000000,0.105102,0.000000,0.401108906,0.018827758,0.103457600,0.122529249
makurazaki-ma43-jpn-jodc_jma_annual,496.94,502.96,519.28,529.31,-18.33,1.000000000,-0.033000,0.000000,0.299074654,0.019829225,0.036905484,0.648615385
malakal-007-plw-uhslc_fd_annual,344.50,350.35,369.47,379.23,-20.98,1.000000000,0.033337,0.000000,0.243329304,0.084802683,0.050267623,0.099264531
maloy-may-nor-nhs_annual,509.26,516.01,530.48,541.72,-17.22,1.000000000,0.445365,0.000000,0.174728929,0.017988357,0.403724838,0.173194766
maloytg-mal-nor-cmems_annual,549.70,556.57,556.24,567.69,-2.54,1.000000000,0.515215,0.000000,0.105787072,0.017913270,0.507889288,0.228989599
marviken-2076-swe-smhi_annual,395.84,401.81,400.52,410.46,-0.67,1.000000000,-0.209934,0.000000,-0.205535790,0.050162488,-0.197317002,0.174212233
matsuyama-ma34-jpn-jodc_jma_annual,550.22,556.60,583.14,593.77,-28.92,1.000000000,0.296329,0.000000,-0.014083410,0.022256017,-0.099240302,0.909611997
mayport_ferry_depot-8720220-usa-noaa_annual,573.07,579.90,609.26,620.65,-32.20,1.000000000,0.072463,0.000000,0.246600870,0.019501910,0.346934191,0.211446179
mayport_fl-753a-usa-uhslc_rq_annual,565.80,572.63,600.67,612.06,-30.87,1.000000000,0.078173,0.000000,0.246223613,0.019729145,0.350430679,0.207857840
melbourne_williamstown-60780-aus-bom_annual,416.75,422.83,421.09,431.22,-0.34,1.000000000,0.638356,0.000000,0.165255301,0.024173949,0.596175510,0.277490604
mera-352-jpn-uhslc_fd_annual,489.59,495.72,517.47,527.68,-23.88,1.000000000,0.379996,0.000000,0.380542292,0.022663994,0.219514271,0.377302387
mera-352a-jpn-uhslc_rq_annual,750.85,758.28,793.85,806.24,-39.01,1.000000000,0.192104,0.000000,0.386148215,0.011163835,0.166566674,0.192496882
mera-ma14-jpn-jodc_jma_annual,461.70,467.67,488.19,498.13,-22.49,1.000000000,0.812774,0.000000,0.374812089,0.024616968,0.700764765,0.398170329
midway-050-usa-uhslc_fd_annual,580.45,587.19,584.94,596.19,-0.49,1.000000000,0.272906,0.000000,0.169003680,0.020302259,0.235152474,0.294733332
midway-050a-usa-uhslc_rq_annual,550.98,557.55,555.99,566.94,-1.00,1.000000000,0.475998,0.000000,0.153474522,0.020556716,0.414401215,0.329011616
mikuni-gs12-jpn-jodc_giaj_annual,390.30,396.27,405.18,415.12,-10.88,1.000000000,0.294488,0.000000,0.441535734,0.028662697,0.317670634,0.166559468
miyakejima-hd10-jpn-jodc_jcg_aligned_annual,526.52,532.81,531.93,542.40,-1.41,1.000000000,0.091196,0.000000,0.792279215,0.119687937,0.068280213,0.102859888
miyako-ma09-jpn-jodc_jma_annual,349.74,355.54,355.17,364.83,-1.43,1.000000000,0.266336,0.000000,0.171626805,0.031339564,0.256855490,0.228676581
montauk-8510560-usa-noaa_annual,583.87,590.30,588.61,599.33,-0.75,1.000000000,-0.192819,0.000000,0.362290386,0.017816977,-0.146572661,0.294324096
montauk_ny-279a-usa-uhslc_rq_annual,557.36,563.64,561.67,572.15,-0.32,1.000000000,-0.088817,0.000000,0.346589480,0.018647083,-0.066118487,0.335091970
murotomisaki-ma37-jpn-jodc_jma_annual,447.35,453.14,487.67,497.33,-36.33,1.000000000,-0.061256,0.000000,0.818117817,0.041095906,0.088519677,0.196330835
nagasaki-362a-jpn-uhslc_rq_annual,468.92,475.30,472.78,483.42,0.14,0.933576409,0.065833,0.006540,0.287646158,0.017524164,0.128819812,0.226402269
nagasaki-ma49-jpn-jodc_jma_annual,423.81,429.84,451.38,461.41,-23.56,1.000000000,-0.282462,0.000000,0.297976872,0.021735473,-0.178430579,0.277789811
nagoya-ma22-jpn-jodc_jma_annual,588.01,594.39,626.48,637.11,-34.47,1.000000000,0.575924,0.000000,-0.063974053,0.042782064,0.166074255,0.666667838
naha-355-jpn-uhslc_fd_annual,482.71,488.89,488.95,499.25,-2.24,1.000000000,0.627186,0.000000,0.232332290,0.026154405,0.604220134,0.372878182
naha-355a-jpn-uhslc_rq_annual,466.41,472.48,471.52,481.64,-1.11,1.000000000,0.766834,0.000000,0.226665210,0.027818755,0.732625109,0.391517888
naha-ma44-jpn-jodc_jma_annual,461.36,467.49,479.19,489.41,-13.84,1.000000000,0.569966,0.000000,0.226437966,0.026408497,0.524419091,0.371353459
nantucket_island-8449130-usa-noaa_annual,515.85,522.03,520.32,530.62,-0.47,1.000000000,0.250086,0.000000,0.416312348,0.025279757,0.200650043,0.303529569
nantucket_ma-743a-usa-uhslc_rq_annual,460.64,466.49,463.05,472.80,1.59,0.451537218,0.519109,0.000000,0.390583373,0.027790124,0.436037750,0.344063777
naples-8725110-usa-noaa_annual,485.80,491.82,487.99,498.03,1.81,0.405411481,0.476726,0.000000,0.323946955,0.027663504,0.361115166,0.346001177
naples_fl-757a-usa-uhslc_rq_annual,468.35,474.32,486.52,496.47,-14.17,1.000000000,0.814003,0.000000,0.310947317,0.027517168,0.435136299,0.377407941
narvik-nvk-nor-nhs_annual,673.69,680.76,687.52,699.31,-9.83,1.000000000,0.896180,0.000000,-0.171194897,0.020679862,0.788318570,0.239847146
narviktg-nar-nor-cmems_annual,673.72,680.80,687.99,699.77,-10.26,1.000000000,0.756727,0.000000,-0.219141032,0.021418369,0.706971427,0.234613091
nawiliwili-058-usa-uhslc_fd_annual,387.69,394.44,510.86,522.11,-119.17,1.000000000,0.097107,0.000000,0.185588522,0.021578183,-0.036257529,0.076317410
nawiliwili-058a-usa-uhslc_rq_annual,376.94,383.51,486.08,497.03,-105.15,1.000000000,0.191102,0.000000,0.176488712,0.023668039,-0.007271469,0.087148248
nawiliwili-1611400-usa-noaa_annual,483.66,490.41,496.41,507.66,-8.75,1.000000000,0.037714,0.077346,0.185831146,0.021381943,-0.090176233,0.087574804
naze-359-jpn-uhslc_fd_annual,485.32,491.65,514.71,525.27,-25.39,1.000000000,0.667173,0.000000,0.307204288,0.027839229,0.422774608,0.208915759
naze-359a-jpn-uhslc_rq_annual,417.03,423.00,420.81,430.76,0.22,0.894463912,0.045346,-0.005415,0.256811007,0.029161299,0.057430387,0.274661929
naze-hd22-jpn-jodc_jcg_aligned_annual,484.06,490.39,506.47,517.03,-18.42,1.000000000,0.065978,0.000000,0.264839218,0.024541809,0.078445607,0.277836952
neah_bay-9443090-usa-noaa_annual,671.71,679.15,714.69,727.08,-38.98,1.000000000,0.308641,0.000000,-0.169572358,0.014085249,0.129285822,0.180852702
neah_bay_wa-558-usa-uhslc_fd_annual,645.72,653.15,673.95,686.34,-24.24,1.000000000,0.291541,0.000000,-0.169292631,0.014156962,0.096281579,0.164353685
neah_bay_wa-558a-usa-uhslc_rq_annual,624.18,631.47,644.58,656.73,-16.40,1.000000000,0.302787,0.000000,-0.176396549,0.015509351,0.113000811,0.168791400
new_london-8461490-usa-noaa_annual,745.84,753.03,774.87,786.84,-25.02,1.000000000,-0.123637,0.000000,0.283975505,0.013984000,-0.050241248,0.310547269
new_london_ct-744a-usa-uhslc_rq_annual,710.90,717.93,739.10,750.82,-24.20,1.000000000,-0.178664,0.000000,0.269047511,0.015520177,-0.145934298,0.364932714
new_westminster_bc-7654-can-meds_annual,481.62,487.48,482.22,491.98,3.40,0.182598034,0.831645,0.000000,-0.005978425,0.057938604,0.833618982,0.450519394
new_york_ny-745a-usa-uhslc_rq_annual,730.16,737.23,761.60,773.38,-27.43,1.000000000,0.168561,0.000000,0.324692430,0.010984406,0.020947996,0.274418705
newcastle-60310-aus-bom_annual,410.50,416.63,433.48,443.69,-18.97,1.000000000,-0.600413,0.000000,0.169914623,0.027594928,-0.595858523,0.267352860
newlyn-new-gbr-bodc_annual,534.11,540.68,535.73,546.68,2.38,0.304976668,-0.225974,0.000000,0.201225380,0.014175157,-0.302250207,0.168562482
newport-8452660-usa-noaa_annual,720.78,728.04,765.21,777.31,-40.43,1.000000000,-0.138332,0.000000,0.295096919,0.011483961,-0.054634750,0.194542060
newport_ri-253-usa-uhslc_fd_annual,707.66,714.91,735.73,747.83,-24.08,1.000000000,0.093591,0.000000,0.295153870,0.011576122,0.003421533,0.190718534
newport_ri-253a-usa-uhslc_rq_annual,677.12,684.22,704.16,716.00,-23.04,1.000000000,0.187076,0.000000,0.282261819,0.011577803,0.043310828,0.220016297
nezugaseki-gs07-jpn-jodc_giaj_aligned_annual,440.10,446.28,456.58,466.88,-12.48,1.000000000,-0.975506,0.000000,0.236867040,0.016406723,-0.806654705,0.232614448
nishinoomote-hd21-jpn-jodc_jcg_annual,441.39,447.57,467.15,477.45,-21.76,1.000000000,-0.302521,0.000000,0.285090212,0.018097496,-0.269478738,0.257677639
north_sydney-612-can-meds_annual,393.56,399.42,409.34,419.10,-11.78,1.000000000,-0.165171,0.000000,0.436049367,0.026163368,-0.088122248,0.191869081
noumea-019-fra-uhslc_fd_annual,356.58,362.71,357.81,368.03,2.77,0.250313020,-0.022187,0.032443,0.145881680,0.028406196,0.046396480,0.154743842
odomari-hd20-jpn-jodc_jcg_annual,516.40,522.64,519.88,530.27,0.52,0.770743220,0.420854,0.000000,0.223172252,0.028821581,0.190213590,0.398338120
oita-hd16-jpn-jodc_jcg_aligned_annual,476.77,482.90,498.97,509.19,-18.21,1.000000000,0.421571,0.000000,0.240324839,0.035338989,0.388969804,0.318057610
okada-ma17-jpn-jodc_jma_annual,438.37,444.60,437.86,448.24,4.51,0.104742835,-0.475231,0.000000,-0.048132272,0.028360823,-0.626593750,0.292755903
olands_norra_udde-2083-swe-smhi_annual,503.74,510.02,510.34,520.81,-2.60,1.000000000,0.295078,0.000000,-0.003403408,0.042318505,0.459635577,0.330315077
olandsnorraudde-ola-swe-cmems_annual,503.75,510.03,510.32,520.79,-2.57,1.000000000,0.294882,0.000000,-0.003404843,0.042318279,0.459459128,0.330305812
omaezaki-ma20-jpn-jodc_jma_annual,458.97,465.26,482.93,493.40,-19.96,1.000000000,0.102270,0.000000,0.901971225,0.028497876,0.016964991,0.086915143
ominato-hd04-jpn-jodc_jcg_aligned_annual,355.72,361.39,358.16,367.62,1.56,0.458991192,0.432816,0.000000,0.250750210,0.032970029,0.370490276,0.218067063
onisaki-gs09-jpn-jodc_giaj_annual,504.26,510.34,531.23,541.36,-22.96,1.000000000,-0.010046,0.000000,-0.161784144,0.044387438,-0.075308602,0.525973552
osaka-ma30-jpn-jodc_jma_annual,476.65,482.56,510.25,520.10,-29.60,1.000000000,0.434243,0.000000,0.406898849,0.039687268,0.227860507,0.502299815
oscarsborg-osc-nor-nhs_annual,466.01,472.03,472.59,482.63,-2.58,1.000000000,1.100687,0.000000,-0.105759715,0.036628117,1.147959150,0.387600130
oscarsborgtg-osc-nor-cmems_annual,475.22,481.30,486.49,496.62,-7.27,1.000000000,0.759479,0.000000,-0.202740654,0.033703043,0.729469981,0.353470804
oshoro-gs04-jpn-jodc_giaj_annual,565.58,572.98,595.91,608.23,-26.32,1.000000000,0.389137,0.000000,-0.041702537,0.010535804,0.213306267,0.227362715
oskarshamn-2085-swe-smhi_annual,500.67,507.10,520.67,531.38,-16.00,1.000000000,-0.044165,0.000000,-0.008009011,0.037881887,0.141637261,0.304924168
oskarshamn-osk-swe-cmems_annual,514.01,520.44,520.67,531.39,-2.66,1.000000000,-0.044043,0.000000,-0.008004693,0.037881021,0.141755363,0.304920391
oslo-osl-nor-nhs_annual,833.66,841.32,841.62,854.39,-3.97,1.000000000,-0.039451,0.000000,-0.268118018,0.020915796,-0.089799523,0.178691373
oslotg-osl-nor-cmems_annual,832.80,840.46,841.30,854.07,-4.50,1.000000000,-0.072467,0.000000,-0.312098982,0.017442895,-0.120812808,0.160834673
oulu-oul-fin-cmems_annual,471.84,477.75,470.92,480.77,4.93,0.085164769,0.906247,0.000000,0.023124115,0.069287122,0.814952305,0.314940402
oura-ma47-jpn-jodc_jma_annual,497.10,503.06,550.59,560.54,-49.50,1.000000000,-1.446981,0.000000,0.248387226,0.023935003,-0.490682266,0.619694076
owase-ma24-jpn-jodc_jma_annual,459.73,465.81,484.71,494.84,-20.98,1.000000000,0.087513,0.000000,-0.037614874,0.041378371,-0.036391116,0.476389862
pago_pago-056-asm-uhslc_fd_annual,344.94,351.07,406.80,417.01,-57.85,1.000000000,0.271311,0.000000,0.229649739,0.029362971,0.117532612,0.108299835
pago_pago-056a-asm-uhslc_rq_annual,344.94,351.07,406.80,417.01,-57.85,1.000000000,0.271311,0.000000,0.229649739,0.029362971,0.117532612,0.108299835
pensacola_fl-762-usa-uhslc_fd_annual,809.38,817.07,895.33,908.15,-81.95,1.000000000,0.409618,0.000000,0.269024800,0.014846494,0.399854126,0.146899957
pietarsaari-pie-fin-cmems_annual,437.29,443.20,445.00,454.85,-3.71,1.000000000,0.382903,0.000000,0.019507884,0.067774671,0.293828699,0.240505357
pietarsaari_leppaluoto-134250-fin-fmi_annual,444.12,450.09,452.15,462.09,-4.02,1.000000000,0.373155,0.000000,0.022601855,0.065432894,0.276640069,0.238685624
point_lonsdale-60730-aus-bom_annual,458.28,464.51,464.62,475.01,-2.34,1.000000000,0.184647,0.000000,0.061683322,0.039384122,0.202714297,0.274378101
pori-por-fin-cmems_annual,404.37,410.17,413.89,423.55,-5.52,1.000000000,0.350803,0.000000,0.007903270,0.061436445,0.330817796,0.189587990
pori_mantyluoto_kallo-134266-fin-fmi_annual,413.63,419.48,423.29,433.05,-5.66,1.000000000,0.336336,0.000000,0.011634668,0.059049379,0.303063534,0.197046711
port_adelaide_outer_harbor-61600-aus-bom_annual,709.59,716.74,733.90,745.81,-20.31,1.000000000,0.100712,0.000000,0.232262472,0.019122225,-0.016365101,0.340676416
port_hardy_bc-8408-can-meds_annual,414.00,420.24,405.52,415.91,12.49,0.001944585,0.130832,0.000838,-0.053589536,0.025910875,0.131428876,0.255145511
port_isabel-8779770-usa-noaa_annual,612.55,619.54,675.18,686.83,-58.63,1.000000000,-0.082014,0.000000,0.455635012,0.019557042,0.010803244,0.122504408
port_isabel_tx-772a-usa-uhslc_rq_annual,567.72,574.47,626.82,638.06,-55.10,1.000000000,-0.064299,0.000000,0.464888170,0.021311612,0.035226162,0.140546587
port_lincoln-61900-aus-bom_annual,460.79,466.87,461.49,471.61,3.30,0.191742262,0.666708,0.000000,0.197411617,0.029640419,0.549530896,0.345379111
port_san_luis-9412110-usa-noaa_annual,534.65,541.27,537.63,548.66,1.02,0.599980389,0.072315,-0.026938,0.113813894,0.019552507,0.027507004,0.311758693
port_san_luis_ca-565a-usa-uhslc_rq_annual,516.04,522.32,500.50,510.97,19.54,0.000057233,0.425784,-0.002941,0.107671573,0.021673167,0.164103625,0.298101269
portland-8418150-usa-noaa_annual,980.00,988.04,1035.30,1048.71,-51.31,1.000000000,-0.636808,0.000000,0.193800899,0.009427007,-0.212327583,0.266168738
portland_me-252a-usa-uhslc_rq_annual,879.54,887.42,910.54,923.67,-27.00,1.000000000,-0.067064,0.000000,0.186258211,0.009786686,0.027638222,0.258313095
portpatrick-por-gbr-bodc_annual,374.25,379.39,380.62,389.19,-2.37,1.000000000,0.687419,0.000000,0.301644072,0.030081247,0.815768453,0.546569940
providence-8454000-usa-noaa_annual,685.06,691.93,732.59,744.05,-43.53,1.000000000,-0.878000,0.000000,0.257413853,0.016724391,-0.382164369,0.365297921
queen_charlotte_city-9850-can-meds_annual,488.66,494.84,526.07,536.37,-33.41,1.000000000,-0.876462,0.000000,0.068439002,0.030605797,-0.108665143,0.499635036
raahe-raa-fin-cmems_annual,451.25,457.16,452.32,462.18,2.92,0.231842730,0.552250,0.000359,-0.020890035,0.067672748,0.535786398,0.242187281
ratan-2056-swe-smhi_annual,1081.50,1090.17,1102.09,1116.55,-16.59,1.000000000,-0.003778,0.000000,-0.776488802,0.015180876,0.018999355,0.031196373
rauma-rau-fin-cmems_annual,433.18,439.09,445.30,455.15,-8.12,1.000000000,0.475857,0.000000,-0.028237137,0.060514958,0.502551290,0.227990093
rauma_ulko_petajas-134224-fin-fmi_annual,442.57,448.54,453.68,463.63,-7.11,1.000000000,0.492299,0.000000,-0.025070526,0.057736217,0.482682652,0.238780377
rikitea-016-fra-uhslc_fd_annual,261.89,267.50,266.02,275.37,-0.13,1.000000000,-0.203328,0.000000,0.243556585,0.030373000,-0.187099032,0.094314938
ringhals-2105-swe-smhi_annual,482.63,488.60,484.74,494.68,1.89,0.387796258,0.984075,0.000000,0.068891135,0.041604196,0.918617250,0.561724671
ringhals-rin-swe-cmems_annual,430.12,435.86,444.84,454.40,-10.72,1.000000000,0.839524,0.000000,0.080440983,0.041628370,0.794678450,0.528232318
riviere_au_renard-2330-can-meds_annual,401.50,406.98,405.52,414.67,-0.03,1.000000000,-0.692245,0.000000,0.173574805,0.031232628,-0.520157192,0.573119852
rorvik-803-nor-uhslc_fd_annual,448.03,453.94,465.55,475.41,-13.53,1.000000000,0.896890,0.000000,0.141893157,0.040447228,0.814517024,0.377539772
rorvik-rvk-nor-nhs_annual,435.35,441.21,451.77,461.53,-12.42,1.000000000,1.166882,0.000000,0.010719341,0.030354884,1.013754614,0.552295958
rorviktg-ror-nor-cmems_annual,461.36,467.33,459.96,469.90,5.41,0.066991812,1.161854,0.033411,-0.061350343,0.028827508,1.303925009,0.550085234
saigo-ma54-jpn-jodc_jma_annual,363.95,370.23,371.83,382.30,-3.88,1.000000000,0.144509,0.000000,0.279986646,0.020144781,0.152648551,0.102375450
saint_francois_io-3100-can-meds_annual,576.82,582.95,580.80,591.01,0.03,0.987205472,0.216513,0.000000,0.071915995,0.041160827,-0.171789304,0.864505300
saint_joseph_de_la_rive-3057-can-meds_annual,412.47,417.82,420.62,429.54,-4.15,1.000000000,-0.365522,0.000000,0.027423067,0.071617685,-0.138701948,0.330920421
sakai-ma53-jpn-jodc_jma_annual,369.56,375.53,383.22,393.16,-9.66,1.000000000,0.285276,0.000000,0.355457760,0.027097258,0.273054825,0.167243532
san_diego-569-usa-uhslc_fd_annual,778.84,787.08,830.69,844.42,-47.85,1.000000000,-0.189718,0.000000,0.220859315,0.008128893,-0.125774773,0.080323296
san_diego-9410170-usa-noaa_annual,865.40,873.61,898.32,912.00,-28.91,1.000000000,-0.699286,0.000000,0.220784134,0.008222878,-0.569484994,0.116144492
san_diego_ca-569a-usa-uhslc_rq_annual,753.94,762.07,804.82,818.37,-46.88,1.000000000,-0.165780,0.000000,0.218571976,0.008588153,-0.101446468,0.085917780
san_francisco_ca-551-usa-uhslc_fd_annual,968.20,976.73,1004.26,1018.48,-32.06,1.000000000,0.548249,0.000000,0.197529963,0.008209928,0.387186245,0.112156011
sand_island-1619910-usa-noaa_annual,529.94,536.37,533.71,544.43,0.23,0.890632814,0.265071,0.000000,0.198323626,0.019672443,0.309594093,0.309073411
santander-sant-esp-ieo_annual,493.27,499.93,533.19,544.29,-35.92,1.000000000,-0.288753,0.000000,0.233017327,0.022022836,-0.084280288,0.151066165
sasebo-hd19-jpn-jodc_jcg_annual,561.95,568.78,594.80,606.18,-28.85,1.000000000,0.221043,0.000000,0.170929624,0.020057079,0.455087139,0.252953791
seattle-9447130-usa-noaa_annual,970.01,978.52,1007.88,1022.06,-33.88,1.000000000,-0.342472,0.000000,0.206705763,0.008006976,-0.277172376,0.113970730
seward_ak-560-usa-uhslc_fd_annual,377.46,383.14,385.96,395.42,-4.50,1.000000000,0.004554,0.000000,-0.379110742,0.039460004,-0.076419920,0.205682702
sewells_point-8638610-usa-noaa_annual,905.02,912.68,909.02,921.79,-0.01,1.000000000,-0.003988,0.000000,0.477029650,0.013111506,0.056847974,0.183303208
shimizuminato-ma19-jpn-jodc_jma_annual,452.13,458.31,458.97,469.27,-2.84,1.000000000,0.188273,0.000000,0.643037918,0.033387250,0.114465124,0.114087572
shirahama-ma27-jpn-jodc_jma_annual,444.43,450.45,470.65,480.69,-22.22,1.000000000,-0.103040,0.000000,0.030434282,0.038346724,0.014936847,0.470938157
sitka-9451600-usa-noaa_annual,676.14,683.50,720.66,732.94,-40.52,1.000000000,0.468322,0.000000,-0.242517053,0.016657288,0.327630100,0.167890867
smogen-2111-swe-smhi_annual,975.18,983.39,978.28,991.96,0.90,0.636540583,0.281486,0.000000,-0.154343389,0.011424561,0.224885823,0.218741150
smogen-smo-swe-cmems_annual,975.21,983.42,978.31,991.99,0.90,0.636662337,0.281112,0.000000,-0.154350769,0.011423869,0.224498391,0.218796855
south_beach-9435380-usa-noaa_annual,480.19,486.32,518.01,528.23,-33.82,1.000000000,-0.972917,0.000000,0.178041108,0.030237778,-0.335782264,0.392923874
